SA

lr: 0.0001
batch_train_size: 128
batch_dev_size: 128
batch_test_size: 128
clip: 5
n_epochs: 100
hid_size: 768
Results:
Precision: 0.8902076270813426
Recall: 0.8662174334728168
F1: 0.8779987069982951
