SA 

lr: 0.0001
clip: 5
n_epochs: 100
hid_size: 768
Results:
Precision: 0.7300251698885476
Recall: 0.8354185913937834
F1: 0.7791243070851627
