SA

lr: 0.0001
batch_train_size: 128
batch_dev_size: 128
batch_test_size: 128
clip: 5
n_epochs: 100
hid_size: 768
Results:
Precision: 0.8805969273037884
Recall: 0.8517804762482699
F1: 0.8658990513627733
